(1980,Iowa),63,50,0.7936508
(1980,Ohio),879,664,0.7554039
(1980,Utah),53,37,0.6981132
(1980,Idaho),30,24,0.8
(1980,Maine),36,32,0.8888889
(1980,Texas),2402,1872,0.7793505
(1980,Alaska),47,37,0.78723407
(1980,Hawaii),84,59,0.70238096
(1980,Kansas),163,144,0.8834356
(1980,Nevada),154,98,0.6363636
(1980,Oregon),141,99,0.70212764
(1980,Alabama),513,463,0.9025341
(1980,Arizona),293,215,0.7337884
(1980,Florida),1508,1008,0.66843504
(1980,Georgia),475,374,0.7873684
(1980,Indiana),409,287,0.7017115
(1980,Montana),29,24,0.82758623
(1980,Vermont),9,9,1.0
(1980,Wyoming),34,29,0.85294116
(1980,Arkansas),214,186,0.86915886
(1980,Colorado),198,140,0.7070707
(1980,Delaware),44,35,0.79545456
(1980,Illinois),1323,957,0.723356
(1980,Kentucky),389,330,0.84832907
(1980,Maryland),432,304,0.7037037
(1980,Michigan),973,711,0.7307297
(1980,Missouri),531,313,0.5894539
(1980,Nebraska),58,54,0.9310345
(1980,New York),2197,1274,0.57988167
(1980,Oklahoma),320,270,0.84375
(1980,Virginia),468,396,0.84615386
(1980,Louisiana),549,423,0.7704918
(1980,Minnesota),112,92,0.8214286
(1980,Tennessee),497,424,0.8531187
(1980,Wisconsin),145,114,0.7862069
(1980,California),3590,2299,0.64039
(1980,New Jersey),522,358,0.68582374
(1980,New Mexico),141,75,0.5319149
(1980,Washington),222,165,0.7432432
(1980,Connecticut),158,113,0.7151899
(1980,Mississippi),218,193,0.8853211
(1980,North Dakota),9,9,1.0
(1980,Pennsylvania),844,656,0.7772512
(1980,South Dakota),5,5,1.0
(1980,Massachusetts),223,140,0.62780267
(1980,New Hampshire),24,19,0.7916667
(1980,Rhodes Island),43,32,0.74418604
(1980,West Virginia),134,113,0.8432836
(1980,North Carolina),628,559,0.89012736
(1980,South Carolina),367,342,0.9318801
(1980,District of Columbia),180,97,0.5388889
(1981,Iowa),79,68,0.8607595
(1981,Ohio),797,584,0.7327478
(1981,Utah),54,44,0.8148148
(1981,Idaho),45,42,0.93333334
(1981,Maine),36,29,0.8055556
(1981,Texas),2293,1760,0.76755345
(1981,Alaska),69,62,0.89855075
(1981,Hawaii),46,33,0.7173913
(1981,Kansas),165,142,0.8606061
(1981,Nevada),159,112,0.7044025
(1981,Oregon),118,89,0.7542373
(1981,Alabama),453,401,0.88520974
(1981,Arizona),237,176,0.74261606
(1981,Florida),1586,1027,0.647541
(1981,Georgia),491,371,0.7556008
(1981,Indiana),357,261,0.73109245
(1981,Montana),23,22,0.95652175
(1981,Vermont),9,7,0.7777778
(1981,Wyoming),26,24,0.9230769
(1981,Arkansas),209,179,0.8564593
(1981,Colorado),230,164,0.71304345
(1981,Delaware),41,33,0.80487806
(1981,Illinois),1221,904,0.7403767
(1981,Kentucky),266,227,0.8533835
(1981,Maryland),452,316,0.69911504
(1981,Michigan),906,644,0.7108168
(1981,Missouri),511,277,0.5420744
(1981,Nebraska),57,48,0.84210527
(1981,New York),1818,1071,0.5891089
(1981,Oklahoma),316,265,0.8386076
(1981,Virginia),474,378,0.79746836
(1981,Louisiana),650,524,0.80615383
(1981,Minnesota),87,72,0.82758623
(1981,Tennessee),426,371,0.87089205
(1981,Wisconsin),148,123,0.8310811
(1981,California),2885,2288,0.7930676
(1981,New Jersey),554,364,0.6570397
(1981,New Mexico),4,3,0.75
(1981,Washington),208,141,0.67788464
(1981,Connecticut),155,120,0.7741935
(1981,Mississippi),246,217,0.8821138
(1981,North Dakota),15,11,0.73333335
(1981,Pennsylvania),759,598,0.7878788
(1981,South Dakota),10,9,0.9
(1981,Massachusetts),203,153,0.7536946
(1981,New Hampshire),28,22,0.78571427
(1981,Rhodes Island),42,29,0.6904762
(1981,West Virginia),122,111,0.90983605
(1981,North Carolina),541,471,0.87061
(1981,South Carolina),336,305,0.9077381
(1981,District of Columbia),232,90,0.38793105
(1982,Iowa),65,58,0.8923077
(1982,Ohio),689,534,0.7750363
(1982,Utah),55,43,0.7818182
(1982,Idaho),25,18,0.72
(1982,Maine),25,21,0.84
(1982,Texas),1848,1378,0.745671
(1982,Alaska),75,47,0.62666667
(1982,Hawaii),33,21,0.6363636
(1982,Kansas),144,114,0.7916667
(1982,Nevada),130,92,0.7076923
(1982,Oregon),143,107,0.74825174
(1982,Alabama),424,390,0.9198113
(1982,Arizona),247,169,0.68421054
(1982,Florida),1482,1003,0.67678815
(1982,Georgia),574,458,0.7979094
(1982,Indiana),336,255,0.7589286
(1982,Montana),1,1,1.0
(1982,Vermont),5,2,0.4
(1982,Wyoming),34,27,0.7941176
(1982,Arkansas),195,179,0.9179487
(1982,Colorado),193,144,0.746114
(1982,Delaware),36,32,0.8888889
(1982,Illinois),1108,863,0.7788809
(1982,Kentucky),286,233,0.8146853
(1982,Maryland),452,316,0.69911504
(1982,Michigan),889,584,0.65691787
(1982,Missouri),465,246,0.52903223
(1982,Nebraska),35,33,0.94285715
(1982,New York),1992,1153,0.5788153
(1982,Oklahoma),378,310,0.8201058
(1982,Virginia),427,353,0.8266979
(1982,Louisiana),670,504,0.7522388
(1982,Minnesota),99,88,0.8888889
(1982,Tennessee),418,353,0.8444976
(1982,Wisconsin),148,119,0.8040541
(1982,California),2976,2144,0.72043014
(1982,New Jersey),481,304,0.63201666
(1982,New Mexico),115,76,0.66086954
(1982,Washington),192,138,0.71875
(1982,Connecticut),164,125,0.7621951
(1982,Mississippi),232,210,0.9051724
(1982,North Dakota),6,5,0.8333333
(1982,Pennsylvania),704,568,0.8068182
(1982,South Dakota),16,12,0.75
(1982,Massachusetts),217,138,0.6359447
(1982,New Hampshire),21,17,0.8095238
(1982,Rhodes Island),36,24,0.6666667
(1982,West Virginia),107,100,0.93457943
(1982,North Carolina),563,506,0.8987567
(1982,South Carolina),368,350,0.95108694
(1982,District of Columbia),204,86,0.42156863
(1983,Iowa),70,58,0.82857144
(1983,Ohio),589,465,0.7894737
(1983,Utah),56,49,0.875
(1983,Idaho),36,32,0.8888889
(1983,Maine),29,25,0.86206895
(1983,Texas),2352,1846,0.78486395
(1983,Alaska),74,63,0.8513514
(1983,Hawaii),57,39,0.68421054
(1983,Kansas),146,119,0.8150685
(1983,Nevada),118,82,0.69491524
(1983,Oregon),113,87,0.7699115
(1983,Alabama),372,337,0.90591395
(1983,Arizona),225,181,0.80444443
(1983,Florida),1262,913,0.72345483
(1983,Georgia),424,361,0.8514151
(1983,Indiana),269,195,0.72490704
(1983,Montana),23,20,0.8695652
(1983,Vermont),6,6,1.0
(1983,Wyoming),30,25,0.8333333
(1983,Arkansas),199,189,0.94974875
(1983,Colorado),214,161,0.75233644
(1983,Delaware),27,23,0.8518519
(1983,Illinois),1128,848,0.75177306
(1983,Kentucky),269,207,0.7695167
(1983,Maryland),386,252,0.65284973
(1983,Michigan),902,524,0.58093125
(1983,Missouri),388,235,0.6056701
(1983,Nebraska),44,40,0.90909094
(1983,New York),2086,1238,0.59348035
(1983,Oklahoma),272,228,0.8382353
(1983,Virginia),405,336,0.8296296
(1983,Louisiana),580,405,0.69827586
(1983,Minnesota),68,54,0.7941176
(1983,Tennessee),393,337,0.85750633
(1983,Wisconsin),135,113,0.837037
(1983,California),2830,1992,0.7038869
(1983,New Jersey),408,292,0.71568626
(1983,New Mexico),81,63,0.7777778
(1983,Washington),226,175,0.7743363
(1983,Connecticut),130,105,0.8076923
(1983,Mississippi),198,183,0.92424244
(1983,North Dakota),15,14,0.93333334
(1983,Pennsylvania),613,471,0.7683524
(1983,South Dakota),11,9,0.8181818
(1983,Massachusetts),197,142,0.7208122
(1983,New Hampshire),19,15,0.7894737
(1983,Rhodes Island),32,27,0.84375
(1983,West Virginia),97,88,0.9072165
(1983,North Carolina),521,460,0.88291746
(1983,South Carolina),333,301,0.9039039
(1983,District of Columbia),188,81,0.43085107
(1984,Iowa),56,43,0.76785713
(1984,Ohio),543,426,0.7845304
(1984,Utah),49,41,0.8367347
(1984,Idaho),37,28,0.7567568
(1984,Maine),21,18,0.85714287
(1984,Texas),2208,1741,0.7884964
(1984,Alaska),52,45,0.86538464
(1984,Hawaii),34,25,0.7352941
(1984,Kansas),96,71,0.7395833
(1984,Nevada),97,72,0.742268
(1984,Oregon),147,121,0.82312924
(1984,Alabama),382,341,0.89267015
(1984,Arizona),248,165,0.6653226
(1984,Florida),1319,927,0.70280516
(1984,Georgia),511,421,0.8238748
(1984,Indiana),281,205,0.72953737
(1984,Montana),32,29,0.90625
(1984,Vermont),14,11,0.78571427
(1984,Wyoming),20,16,0.8
(1984,Arkansas),183,172,0.9398907
(1984,Colorado),192,156,0.8125
(1984,Delaware),24,22,0.9166667
(1984,Illinois),254,193,0.7598425
(1984,Kentucky),243,202,0.8312757
(1984,Maryland),375,279,0.744
(1984,Michigan),899,551,0.61290324
(1984,Missouri),344,185,0.5377907
(1984,Nebraska),54,47,0.8703704
(1984,New York),1829,1073,0.5866594
(1984,Oklahoma),264,219,0.82954544
(1984,Virginia),457,367,0.80306345
(1984,Louisiana),521,352,0.6756238
(1984,Minnesota),76,63,0.82894737
(1984,Tennessee),343,304,0.8862974
(1984,Wisconsin),124,107,0.86290324
(1984,California),2888,1960,0.67867035
(1984,New Jersey),389,284,0.73007715
(1984,New Mexico),79,54,0.6835443
(1984,Washington),216,149,0.6898148
(1984,Connecticut),116,89,0.76724136
(1984,Mississippi),165,156,0.94545454
(1984,North Dakota),13,13,1.0
(1984,Pennsylvania),561,462,0.8235294
(1984,South Dakota),10,8,0.8
(1984,Massachusetts),196,123,0.627551
(1984,New Hampshire),12,8,0.6666667
(1984,Rhodes Island),32,24,0.75
(1984,West Virginia),88,84,0.95454544
(1984,North Carolina),495,412,0.83232325
(1984,South Carolina),319,297,0.9310345
(1984,District of Columbia),175,79,0.45142856
(1985,Iowa),57,49,0.8596491
(1985,Ohio),540,415,0.7685185
(1985,Utah),53,43,0.8113208
(1985,Idaho),24,19,0.7916667
(1985,Maine),29,22,0.7586207
(1985,Texas),2248,1760,0.78291816
(1985,Alaska),50,36,0.72
(1985,Hawaii),43,26,0.60465115
(1985,Kansas),128,109,0.8515625
(1985,Nevada),101,78,0.77227724
(1985,Oregon),133,105,0.7894737
(1985,Alabama),397,353,0.88916874
(1985,Arizona),264,188,0.7121212
(1985,Florida),1308,916,0.7003058
(1985,Georgia),557,425,0.76301616
(1985,Indiana),287,205,0.71428573
(1985,Montana),30,28,0.93333334
(1985,Vermont),17,14,0.8235294
(1985,Wyoming),25,18,0.72
(1985,Arkansas),188,177,0.94148934
(1985,Colorado),204,169,0.82843137
(1985,Delaware),32,27,0.84375
(1985,Illinois),227,182,0.8017621
(1985,Kentucky),261,215,0.8237548
(1985,Maryland),360,234,0.65
(1985,Michigan),1066,675,0.6332083
(1985,Missouri),387,224,0.57881135
(1985,Nebraska),46,43,0.9347826
(1985,New York),1562,958,0.61331624
(1985,Oklahoma),283,240,0.84805655
(1985,Virginia),413,336,0.8135593
(1985,Louisiana),453,316,0.69757175
(1985,Minnesota),90,72,0.8
(1985,Tennessee),387,324,0.8372093
(1985,Wisconsin),142,122,0.85915494
(1985,California),2985,2095,0.70184255
(1985,New Jersey),415,286,0.68915665
(1985,New Mexico),138,111,0.8043478
(1985,Washington),234,177,0.75641024
(1985,Connecticut),124,93,0.75
(1985,Mississippi),180,163,0.90555555
(1985,North Dakota),7,4,0.5714286
(1985,Pennsylvania),581,472,0.8123924
(1985,South Dakota),9,8,0.8888889
(1985,Massachusetts),188,138,0.7340425
(1985,New Hampshire),18,11,0.6111111
(1985,Rhodes Island),36,30,0.8333333
(1985,West Virginia),75,73,0.97333336
(1985,North Carolina),527,471,0.89373815
(1985,South Carolina),323,305,0.94427246
(1985,District of Columbia),149,58,0.38926175
(1986,Iowa),52,41,0.78846157
(1986,Ohio),546,442,0.8095238
(1986,Utah),55,43,0.7818182
(1986,Idaho),32,28,0.875
(1986,Maine),24,20,0.8333333
(1986,Texas),2347,1853,0.78951854
(1986,Alaska),47,38,0.80851066
(1986,Hawaii),52,29,0.5576923
(1986,Kansas),103,85,0.8252427
(1986,Nevada),110,69,0.6272727
(1986,Oregon),184,149,0.8097826
(1986,Alabama),407,374,0.9189189
(1986,Arizona),321,220,0.6853582
(1986,Florida),1427,1024,0.7175893
(1986,Georgia),652,505,0.7745399
(1986,Indiana),268,186,0.69402987
(1986,Montana),2,1,0.5
(1986,Vermont),12,10,0.8333333
(1986,Wyoming),29,27,0.9310345
(1986,Arkansas),202,179,0.8861386
(1986,Colorado),247,196,0.79352224
(1986,Delaware),32,29,0.90625
(1986,Illinois),850,643,0.75647056
(1986,Kentucky),251,212,0.84462154
(1986,Maryland),406,269,0.6625616
(1986,Michigan),1067,695,0.65135896
(1986,Missouri),447,287,0.6420582
(1986,Nebraska),55,53,0.96363634
(1986,New York),1682,1059,0.6296076
(1986,Oklahoma),285,245,0.8596491
(1986,Virginia),427,345,0.80796254
(1986,Louisiana),529,394,0.7448015
(1986,Minnesota),101,77,0.76237625
(1986,Tennessee),454,389,0.8568282
(1986,Wisconsin),144,117,0.8125
(1986,California),3260,2187,0.6708589
(1986,New Jersey),401,249,0.62094766
(1986,New Mexico),145,101,0.69655174
(1986,Washington),225,166,0.73777777
(1986,Connecticut),148,99,0.6689189
(1986,Mississippi),170,157,0.9235294
(1986,North Dakota),7,6,0.85714287
(1986,Pennsylvania),560,449,0.8017857
(1986,South Dakota),18,17,0.9444444
(1986,Massachusetts),163,99,0.607362
(1986,New Hampshire),24,18,0.75
(1986,Rhodes Island),34,23,0.6764706
(1986,West Virginia),120,104,0.8666667
(1986,North Carolina),519,446,0.8593449
(1986,South Carolina),322,303,0.9409938
(1986,District of Columbia),154,60,0.38961038
(1987,Iowa),31,27,0.87096775
(1987,Ohio),605,474,0.78347105
(1987,Utah),56,46,0.8214286
(1987,Idaho),35,32,0.9142857
(1987,Maine),33,29,0.8787879
(1987,Texas),2039,1587,0.7783227
(1987,Alaska),48,38,0.7916667
(1987,Hawaii),53,36,0.6792453
(1987,Kansas),106,79,0.745283
(1987,Nevada),82,61,0.74390244
(1987,Oregon),166,125,0.75301206
(1987,Alabama),336,297,0.8839286
(1987,Arizona),266,187,0.7030075
(1987,Florida),1410,982,0.6964539
(1987,Georgia),593,466,0.7858347
(1987,Indiana),222,176,0.7927928
(1987,Vermont),16,12,0.75
(1987,Wyoming),11,9,0.8181818
(1987,Arkansas),187,160,0.85561496
(1987,Colorado),211,156,0.7393365
(1987,Delaware),32,27,0.84375
(1987,Illinois),343,269,0.7842566
(1987,Kentucky),93,83,0.8924731
(1987,Maryland),372,258,0.6935484
(1987,Michigan),1153,807,0.69991326
(1987,Missouri),395,228,0.5772152
(1987,Nebraska),25,23,0.92
(1987,New York),1881,1015,0.5396066
(1987,Oklahoma),268,215,0.8022388
(1987,Virginia),453,360,0.794702
(1987,Louisiana),382,280,0.7329843
(1987,Minnesota),109,84,0.7706422
(1987,Tennessee),404,348,0.8613861
(1987,Wisconsin),168,138,0.8214286
(1987,California),3166,2064,0.6519267
(1987,New Jersey),359,239,0.66573817
(1987,New Mexico),131,89,0.6793893
(1987,Washington),254,176,0.6929134
(1987,Connecticut),162,127,0.7839506
(1987,Mississippi),178,160,0.8988764
(1987,North Dakota),10,8,0.8
(1987,Pennsylvania),524,415,0.79198474
(1987,South Dakota),11,8,0.72727275
(1987,Massachusetts),145,99,0.6827586
(1987,New Hampshire),34,26,0.7647059
(1987,Rhodes Island),41,30,0.73170733
(1987,West Virginia),104,98,0.9423077
(1987,North Carolina),523,452,0.86424476
(1987,South Carolina),326,298,0.9141104
(1987,District of Columbia),225,66,0.29333332
(1988,Iowa),48,42,0.875
(1988,Ohio),559,439,0.78533095
(1988,Utah),48,39,0.8125
(1988,Idaho),35,27,0.7714286
(1988,Maine),36,31,0.8611111
(1988,Texas),2009,1523,0.7580886
(1988,Alaska),30,28,0.93333334
(1988,Hawaii),47,37,0.78723407
(1988,Kansas),38,30,0.7894737
(1988,Nevada),104,80,0.7692308
(1988,Oregon),161,119,0.73913044
(1988,Alabama),389,355,0.9125964
(1988,Arizona),306,210,0.6862745
(1988,Georgia),731,568,0.7770178
(1988,Indiana),315,218,0.6920635
(1988,Montana),19,17,0.8947368
(1988,Vermont),12,10,0.8333333
(1988,Wyoming),14,12,0.85714287
(1988,Arkansas),216,185,0.8564815
(1988,Colorado),206,161,0.7815534
(1988,Delaware),34,24,0.7058824
(1988,Illinois),1000,738,0.738
(1988,Maryland),459,291,0.63398695
(1988,Michigan),1037,746,0.7193828
(1988,Missouri),394,257,0.65228426
(1988,Nebraska),58,54,0.9310345
(1988,New York),2143,1051,0.49043396
(1988,Oklahoma),265,212,0.8
(1988,Virginia),482,368,0.7634855
(1988,Louisiana),452,281,0.6216814
(1988,Minnesota),121,101,0.8347107
(1988,Tennessee),407,321,0.7886978
(1988,Wisconsin),145,115,0.79310346
(1988,California),3135,2305,0.7352472
(1988,New Jersey),424,295,0.6957547
(1988,New Mexico),134,86,0.64179105
(1988,Washington),273,212,0.7765568
(1988,Connecticut),181,128,0.70718235
(1988,Mississippi),152,134,0.8815789
(1988,North Dakota),13,12,0.9230769
(1988,Pennsylvania),572,442,0.77272725
(1988,South Dakota),13,13,1.0
(1988,Massachusetts),154,120,0.77922076
(1988,New Hampshire),29,22,0.7586207
(1988,Rhodes Island),41,25,0.6097561
(1988,West Virginia),101,94,0.9306931
(1988,North Carolina),507,433,0.85404336
(1988,South Carolina),345,318,0.9217391
(1988,District of Columbia),375,55,0.14666666
(1989,Iowa),57,49,0.8596491
(1989,Ohio),632,473,0.74841774
(1989,Utah),46,34,0.73913044
(1989,Idaho),28,22,0.78571427
(1989,Maine),46,45,0.9782609
(1989,Texas),2142,1632,0.7619048
(1989,Alaska),41,37,0.902439
(1989,Hawaii),51,38,0.74509805
(1989,Kansas),81,66,0.8148148
(1989,Nevada),98,79,0.8061224
(1989,Oregon),148,127,0.8581081
(1989,Alabama),416,366,0.8798077
(1989,Arizona),291,202,0.6941581
(1989,Georgia),805,580,0.7204969
(1989,Indiana),271,198,0.7306273
(1989,Montana),22,21,0.95454544
(1989,Vermont),11,8,0.72727275
(1989,Wyoming),22,20,0.90909094
(1989,Arkansas),219,191,0.8721461
(1989,Colorado),166,138,0.8313253
(1989,Delaware),33,30,0.90909094
(1989,Illinois),1086,823,0.75782686
(1989,Kentucky),167,101,0.6047904
(1989,Maryland),558,359,0.6433692
(1989,Michigan),1016,719,0.7076772
(1989,Missouri),413,260,0.62953997
(1989,Nebraska),40,36,0.9
(1989,New York),1963,950,0.48395312
(1989,Oklahoma),240,199,0.82916665
(1989,Virginia),511,414,0.81017613
(1989,Louisiana),586,375,0.63993174
(1989,Minnesota),108,90,0.8333333
(1989,Tennessee),371,318,0.85714287
(1989,Wisconsin),176,145,0.8238636
(1989,California),3412,2573,0.7541032
(1989,New Jersey),397,272,0.6851385
(1989,New Mexico),108,78,0.7222222
(1989,Washington),211,160,0.75829387
(1989,Connecticut),197,127,0.64467007
(1989,Mississippi),169,151,0.89349115
(1989,North Dakota),3,2,0.6666667
(1989,Pennsylvania),745,560,0.7516779
(1989,South Dakota),8,8,1.0
(1989,Massachusetts),172,104,0.60465115
(1989,New Hampshire),36,28,0.7777778
(1989,Rhodes Island),51,34,0.6666667
(1989,West Virginia),125,111,0.888
(1989,North Carolina),589,487,0.82682514
(1989,South Carolina),336,300,0.89285713
(1989,District of Columbia),439,34,0.07744875
(1990,Iowa),52,47,0.90384614
(1990,Ohio),634,444,0.7003155
(1990,Utah),53,48,0.9056604
(1990,Idaho),34,29,0.85294116
(1990,Maine),18,16,0.8888889
(1990,Texas),2485,1854,0.74607646
(1990,Alaska),37,35,0.9459459
(1990,Hawaii),45,32,0.7111111
(1990,Kansas),98,71,0.7244898
(1990,Nevada),105,71,0.6761905
(1990,Oregon),125,116,0.928
(1990,Alabama),463,419,0.9049676
(1990,Arizona),301,225,0.7475083
(1990,Georgia),737,544,0.7381275
(1990,Indiana),264,198,0.75
(1990,Montana),1,1,1.0
(1990,Vermont),14,14,1.0
(1990,Wyoming),23,22,0.95652175
(1990,Arkansas),254,227,0.8937008
(1990,Colorado),166,145,0.87349397
(1990,Delaware),33,29,0.8787879
(1990,Illinois),773,576,0.7451488
(1990,Kentucky),248,172,0.6935484
(1990,Maryland),578,378,0.65397924
(1990,Michigan),997,692,0.69408226
(1990,Missouri),438,270,0.6164383
(1990,Nebraska),42,35,0.8333333
(1990,New York),2268,1143,0.50396824
(1990,Oklahoma),272,224,0.8235294
(1990,Virginia),561,437,0.7789661
(1990,Louisiana),611,416,0.68085104
(1990,Minnesota),65,52,0.8
(1990,Tennessee),433,391,0.9030023
(1990,Wisconsin),238,190,0.79831934
(1990,California),3862,2729,0.7066287
(1990,New Jersey),443,304,0.68623024
(1990,New Mexico),96,68,0.7083333
(1990,Washington),249,189,0.7590361
(1990,Connecticut),177,97,0.5480226
(1990,Mississippi),178,165,0.9269663
(1990,North Dakota),5,4,0.8
(1990,Pennsylvania),784,617,0.7869898
(1990,South Dakota),14,11,0.78571427
(1990,Massachusetts),186,101,0.5430108
(1990,New Hampshire),21,13,0.61904764
(1990,Rhodes Island),48,35,0.7291667
(1990,West Virginia),110,98,0.8909091
(1990,North Carolina),704,587,0.8338068
(1990,South Carolina),422,388,0.91943127
(1990,District of Columbia),481,32,0.06652807
(1991,Ohio),738,504,0.68292683
(1991,Utah),55,40,0.72727275
(1991,Idaho),17,15,0.88235295
(1991,Texas),2768,2016,0.7283237
(1991,Alaska),45,38,0.84444445
(1991,Hawaii),46,35,0.76086956
(1991,Kansas),156,108,0.6923077
(1991,Nevada),139,78,0.5611511
(1991,Oregon),163,127,0.7791411
(1991,Alabama),434,245,0.5645161
(1991,Arizona),308,250,0.8116883
(1991,Florida),1,1,1.0
(1991,Georgia),733,566,0.7721692
(1991,Indiana),311,206,0.66237944
(1991,Montana),18,17,0.9444444
(1991,Vermont),14,14,1.0
(1991,Wyoming),15,15,1.0
(1991,Arkansas),269,233,0.866171
(1991,Colorado),213,166,0.7793427
(1991,Delaware),39,33,0.84615386
(1991,Illinois),1289,914,0.7090768
(1991,Kentucky),250,194,0.776
(1991,Maryland),585,362,0.61880344
(1991,Michigan),1028,733,0.71303505
(1991,Missouri),523,264,0.5047801
(1991,Nebraska),56,51,0.91071427
(1991,New York),2411,1009,0.41849855
(1991,Oklahoma),246,212,0.86178863
(1991,Virginia),596,446,0.7483221
(1991,Louisiana),332,271,0.81626505
(1991,Minnesota),116,99,0.8534483
(1991,Tennessee),401,356,0.88778055
(1991,Wisconsin),248,205,0.8266129
(1991,California),4146,2602,0.62759286
(1991,New Jersey),419,281,0.6706444
(1991,New Mexico),115,86,0.7478261
(1991,Washington),221,161,0.7285068
(1991,Connecticut),172,115,0.6686047
(1991,Mississippi),219,201,0.91780823
(1991,North Dakota),4,3,0.75
(1991,Pennsylvania),733,585,0.79809004
(1991,South Dakota),12,12,1.0
(1991,Massachusetts),214,111,0.5186916
(1991,New Hampshire),37,31,0.8378378
(1991,Rhodes Island),38,24,0.6315789
(1991,West Virginia),112,104,0.9285714
(1991,North Carolina),779,626,0.80359435
(1991,South Carolina),382,365,0.9554974
(1991,District of Columbia),489,190,0.38854805
(1992,Iowa),24,22,0.9166667
(1992,Ohio),686,495,0.72157437
(1992,Utah),54,46,0.8518519
(1992,Idaho),38,37,0.9736842
(1992,Texas),2359,1745,0.7397202
(1992,Alaska),44,33,0.75
(1992,Hawaii),43,39,0.90697676
(1992,Kansas),162,108,0.6666667
(1992,Nevada),136,97,0.7132353
(1992,Oregon),163,136,0.83435583
(1992,Alabama),391,250,0.6393862
(1992,Arizona),345,270,0.7826087
(1992,Florida),1257,873,0.69451076
(1992,Georgia),681,536,0.78707784
(1992,Indiana),369,245,0.66395664
(1992,Montana),20,19,0.95
(1992,Vermont),11,9,0.8181818
(1992,Wyoming),20,19,0.95
(1992,Arkansas),255,230,0.9019608
(1992,Colorado),232,173,0.74568963
(1992,Delaware),20,17,0.85
(1992,Illinois),1262,839,0.66481775
(1992,Kentucky),218,154,0.70642203
(1992,Maryland),623,358,0.57463884
(1992,Michigan),985,651,0.6609137
(1992,Missouri),519,267,0.51445085
(1992,Nebraska),44,39,0.8863636
(1992,New York),2447,1092,0.44626072
(1992,Oklahoma),221,185,0.8371041
(1992,Virginia),581,419,0.7211704
(1992,Louisiana),690,449,0.65072465
(1992,Minnesota),136,115,0.8455882
(1992,Tennessee),468,387,0.8269231
(1992,Wisconsin),219,178,0.8127854
(1992,California),4195,2580,0.6150179
(1992,New Jersey),417,301,0.72182256
(1992,New Mexico),101,70,0.6930693
(1992,Washington),274,210,0.76642334
(1992,Connecticut),181,106,0.58563536
(1992,Mississippi),209,191,0.9138756
(1992,North Dakota),12,12,1.0
(1992,Pennsylvania),772,532,0.68911916
(1992,South Dakota),6,5,0.8333333
(1992,Massachusetts),180,120,0.6666667
(1992,New Hampshire),19,19,1.0
(1992,Rhodes Island),37,23,0.6216216
(1992,West Virginia),118,106,0.89830506
(1992,North Carolina),728,607,0.8337912
(1992,South Carolina),371,341,0.9191375
(1992,District of Columbia),450,126,0.28
(1993,Iowa),35,33,0.94285715
(1993,Ohio),631,438,0.69413626
(1993,Utah),69,59,0.85507244
(1993,Idaho),32,31,0.96875
(1993,Maine),7,6,0.85714287
(1993,Texas),2271,1733,0.76309997
(1993,Alaska),60,45,0.75
(1993,Hawaii),44,39,0.8863636
(1993,Kansas),30,19,0.6333333
(1993,Nevada),137,101,0.73722625
(1993,Oregon),154,133,0.8636364
(1993,Alabama),477,348,0.7295597
(1993,Arizona),362,273,0.75414366
(1993,Florida),1329,945,0.71106094
(1993,Georgia),764,561,0.7342932
(1993,Indiana),368,233,0.6331522
(1993,Vermont),13,10,0.7692308
(1993,Wyoming),18,17,0.9444444
(1993,Arkansas),264,214,0.81060606
(1993,Colorado),221,162,0.7330317
(1993,Delaware),22,22,1.0
(1993,Illinois),1013,673,0.66436327
(1993,Kentucky),240,213,0.8875
(1993,Maryland),662,380,0.5740181
(1993,Michigan),976,690,0.70696723
(1993,Missouri),560,383,0.68392855
(1993,Nebraska),31,30,0.9677419
(1993,New York),2511,1105,0.44006371
(1993,Oklahoma),301,244,0.8106312
(1993,Virginia),559,435,0.7781753
(1993,Louisiana),800,454,0.5675
(1993,Minnesota),140,122,0.87142855
(1993,Tennessee),468,377,0.8055556
(1993,Wisconsin),241,206,0.8547718
(1993,California),4369,2729,0.62462807
(1993,New Jersey),433,286,0.6605081
(1993,New Mexico),102,77,0.75490195
(1993,Washington),287,211,0.73519164
(1993,Connecticut),222,120,0.5405405
(1993,Mississippi),234,205,0.87606835
(1993,North Dakota),11,11,1.0
(1993,Pennsylvania),834,629,0.75419664
(1993,South Dakota),21,20,0.95238096
(1993,Massachusetts),210,130,0.61904764
(1993,New Hampshire),21,14,0.6666667
(1993,Rhodes Island),41,31,0.75609756
(1993,West Virginia),129,112,0.86821705
(1993,North Carolina),796,641,0.8052764
(1993,South Carolina),392,374,0.95408165
(1993,District of Columbia),423,111,0.26241136
(1994,Iowa),48,41,0.8541667
(1994,Ohio),623,456,0.73194224
(1994,Utah),70,60,0.85714287
(1994,Idaho),40,38,0.95
(1994,Maine),32,25,0.78125
(1994,Texas),2121,1630,0.7685054
(1994,Alaska),44,36,0.8181818
(1994,Hawaii),53,46,0.8679245
(1994,Nevada),176,117,0.66477275
(1994,Oregon),178,150,0.8426966
(1994,Alabama),501,360,0.7185629
(1994,Arizona),438,331,0.75570774
(1994,Florida),1278,862,0.6744914
(1994,Georgia),699,525,0.75107294
(1994,Indiana),395,281,0.7113924
(1994,Vermont),6,5,0.8333333
(1994,Wyoming),20,19,0.95
(1994,Arkansas),303,249,0.8217822
(1994,Colorado),187,145,0.77540106
(1994,Delaware),14,10,0.71428573
(1994,Illinois),1223,791,0.64677024
(1994,Kentucky),86,71,0.8255814
(1994,Maryland),616,332,0.53896105
(1994,Michigan),946,708,0.7484144
(1994,Missouri),554,390,0.70397115
(1994,Nebraska),19,15,0.7894737
(1994,New York),2062,977,0.47381184
(1994,Oklahoma),259,207,0.7992278
(1994,Virginia),605,428,0.707438
(1994,Louisiana),865,599,0.6924856
(1994,Minnesota),144,114,0.7916667
(1994,Tennessee),449,347,0.7728285
(1994,Wisconsin),247,204,0.8259109
(1994,California),3962,2543,0.64184755
(1994,New Jersey),414,252,0.6086956
(1994,New Mexico),115,94,0.8173913
(1994,Washington),317,243,0.7665615
(1994,Connecticut),220,123,0.5590909
(1994,Mississippi),232,202,0.87068963
(1994,North Dakota),1,1,1.0
(1994,Pennsylvania),734,571,0.7779291
(1994,South Dakota),9,9,1.0
(1994,Massachusetts),205,122,0.595122
(1994,New Hampshire),16,14,0.875
(1994,Rhodes Island),44,31,0.70454544
(1994,West Virginia),110,100,0.90909094
(1994,North Carolina),785,626,0.7974522
(1994,South Carolina),364,335,0.9203297
(1994,District of Columbia),417,46,0.110311754
(1995,Iowa),56,47,0.83928573
(1995,Ohio),553,376,0.67992765
(1995,Utah),78,65,0.8333333
(1995,Idaho),48,44,0.9166667
(1995,Maine),26,22,0.84615386
(1995,Texas),1733,1324,0.7639931
(1995,Alaska),54,34,0.6296296
(1995,Hawaii),58,50,0.86206895
(1995,Nevada),174,128,0.7356322
(1995,Oregon),146,122,0.8356164
(1995,Alabama),467,303,0.64882225
(1995,Arizona),478,344,0.7196653
(1995,Florida),1114,727,0.6526032
(1995,Georgia),660,463,0.70151514
(1995,Indiana),380,234,0.6157895
(1995,Montana),19,19,1.0
(1995,Vermont),13,11,0.84615386
(1995,Wyoming),12,11,0.9166667
(1995,Arkansas),267,211,0.79026216
(1995,Colorado),219,177,0.8082192
(1995,Delaware),9,9,1.0
(1995,Illinois),821,529,0.64433616
(1995,Kentucky),260,176,0.6769231
(1995,Maryland),622,389,0.6254019
(1995,Michigan),834,608,0.7290168
(1995,Missouri),455,343,0.75384617
(1995,Nebraska),21,17,0.8095238
(1995,New York),1601,800,0.4996877
(1995,Oklahoma),401,362,0.90274316
(1995,Virginia),519,388,0.7475915
(1995,Louisiana),750,462,0.616
(1995,Minnesota),180,131,0.7277778
(1995,Tennessee),473,356,0.7526427
(1995,Wisconsin),241,198,0.8215768
(1995,California),3760,2271,0.60398936
(1995,New Jersey),423,287,0.678487
(1995,New Mexico),120,84,0.7
(1995,Washington),288,222,0.7708333
(1995,Connecticut),156,108,0.6923077
(1995,Mississippi),201,151,0.75124377
(1995,North Dakota),5,5,1.0
(1995,Pennsylvania),725,541,0.7462069
(1995,South Dakota),13,12,0.9230769
(1995,Massachusetts),213,132,0.6197183
(1995,New Hampshire),17,15,0.88235295
(1995,Rhodes Island),32,19,0.59375
(1995,West Virginia),92,86,0.9347826
(1995,North Carolina),714,542,0.75910366
(1995,South Carolina),301,282,0.9368771
(1995,District of Columbia),377,133,0.35278514
(1996,Iowa),58,51,0.87931037
(1996,Ohio),496,337,0.6794355
(1996,Utah),67,61,0.9104478
(1996,Idaho),50,49,0.98
(1996,Maine),26,25,0.96153843
(1996,Texas),1549,1181,0.7624274
(1996,Alaska),41,25,0.6097561
(1996,Hawaii),41,34,0.8292683
(1996,Nevada),227,141,0.62114537
(1996,Oregon),139,119,0.8561151
(1996,Alabama),430,295,0.68604654
(1996,Arizona),390,286,0.73333335
(1996,Florida),1425,1029,0.72210526
(1996,Georgia),644,446,0.6925466
(1996,Indiana),311,223,0.7170418
(1996,Vermont),16,14,0.875
(1996,Wyoming),18,16,0.8888889
(1996,Arkansas),219,176,0.80365294
(1996,Colorado),182,149,0.8186813
(1996,Delaware),33,28,0.8484849
(1996,Illinois),800,471,0.58875
(1996,Kentucky),224,165,0.73660713
(1996,Maryland),598,339,0.56688964
(1996,Michigan),720,493,0.68472224
(1996,Missouri),407,286,0.7027027
(1996,Nebraska),21,19,0.9047619
(1996,New York),1355,636,0.4693727
(1996,Oklahoma),235,194,0.8255319
(1996,Virginia),508,363,0.71456695
(1996,Louisiana),737,478,0.6485753
(1996,Minnesota),162,129,0.7962963
(1996,Tennessee),423,340,0.8037825
(1996,Wisconsin),225,197,0.8755556
(1996,California),3101,1911,0.61625284
(1996,New Jersey),352,255,0.7244318
(1996,New Mexico),144,97,0.6736111
(1996,Washington),258,210,0.81395346
(1996,Connecticut),166,101,0.6084337
(1996,Mississippi),190,160,0.84210527
(1996,North Dakota),11,10,0.90909094
(1996,Pennsylvania),703,534,0.7596017
(1996,South Dakota),6,6,1.0
(1996,Massachusetts),161,99,0.61490685
(1996,New Hampshire),21,20,0.95238096
(1996,Rhodes Island),25,19,0.76
(1996,West Virginia),69,56,0.8115942
(1996,North Carolina),638,495,0.7758621
(1996,South Carolina),346,319,0.9219653
(1997,Iowa),43,34,0.7906977
(1997,Ohio),380,249,0.6552632
(1997,Utah),75,53,0.70666665
(1997,Idaho),43,38,0.88372093
(1997,Maine),22,18,0.8181818
(1997,Texas),1428,1066,0.7464986
(1997,Alaska),55,52,0.94545454
(1997,Hawaii),48,40,0.8333333
(1997,Nevada),196,121,0.61734694
(1997,Oregon),113,104,0.920354
(1997,Alabama),415,276,0.6650602
(1997,Arizona),401,295,0.73566085
(1997,Florida),1068,754,0.7059925
(1997,Georgia),523,349,0.66730404
(1997,Indiana),394,219,0.5558376
(1997,Montana),16,12,0.75
(1997,Vermont),9,7,0.7777778
(1997,Wyoming),18,18,1.0
(1997,Arkansas),255,208,0.8156863
(1997,Colorado),175,132,0.7542857
(1997,Delaware),16,14,0.875
(1997,Illinois),763,433,0.5674967
(1997,Kentucky),221,173,0.78280544
(1997,Maryland),522,278,0.532567
(1997,Michigan),746,497,0.66621983
(1997,Missouri),402,283,0.7039801
(1997,Nebraska),22,18,0.8181818
(1997,New York),1113,600,0.53908354
(1997,Oklahoma),249,205,0.82329315
(1997,Virginia),508,352,0.6929134
(1997,Louisiana),675,519,0.7688889
(1997,Minnesota),127,103,0.8110236
(1997,Tennessee),439,353,0.8041002
(1997,Wisconsin),225,182,0.8088889
(1997,California),2773,1572,0.56689507
(1997,New Jersey),358,254,0.7094972
(1997,New Mexico),114,79,0.69298244
(1997,Washington),250,187,0.748
(1997,Connecticut),132,82,0.6212121
(1997,Mississippi),193,160,0.82901555
(1997,North Dakota),7,7,1.0
(1997,Pennsylvania),739,550,0.744249
(1997,South Dakota),5,5,1.0
(1997,Massachusetts),126,93,0.7380952
(1997,Rhodes Island),27,19,0.7037037
(1997,West Virginia),85,78,0.91764706
(1997,North Carolina),647,535,0.8268933
(1997,South Carolina),324,298,0.9197531
(1997,District of Columbia),309,153,0.49514562
(1998,Iowa),49,44,0.8979592
(1998,Ohio),377,259,0.68700266
(1998,Utah),66,54,0.8181818
(1998,Idaho),36,33,0.9166667
(1998,Maine),27,27,1.0
(1998,Texas),1448,1096,0.7569061
(1998,Alaska),42,30,0.71428573
(1998,Hawaii),27,24,0.8888889
(1998,Nevada),184,122,0.6630435
(1998,Oregon),140,116,0.82857144
(1998,Alabama),343,225,0.65597665
(1998,Arizona),396,280,0.7070707
(1998,Florida),1086,819,0.75414366
(1998,Georgia),531,373,0.7024482
(1998,Indiana),408,266,0.6519608
(1998,Montana),11,10,0.90909094
(1998,Vermont),12,9,0.75
(1998,Wyoming),17,17,1.0
(1998,Arkansas),209,170,0.8133971
(1998,Colorado),195,169,0.8666667
(1998,Delaware),24,21,0.875
(1998,Illinois),738,398,0.5392954
(1998,Kentucky),124,85,0.6854839
(1998,Maryland),528,290,0.54924244
(1998,Michigan),727,475,0.65337
(1998,Missouri),387,270,0.6976744
(1998,Nebraska),25,24,0.96
(1998,New York),931,523,0.56176156
(1998,Oklahoma),215,175,0.81395346
(1998,Virginia),421,308,0.73159146
(1998,Louisiana),567,422,0.74426806
(1998,Minnesota),117,99,0.84615386
(1998,Tennessee),436,323,0.7408257
(1998,California),2353,1493,0.63450915
(1998,New Jersey),334,228,0.6826347
(1998,New Mexico),157,112,0.7133758
(1998,Washington),215,164,0.7627907
(1998,Connecticut),144,95,0.6597222
(1998,Mississippi),185,148,0.8
(1998,North Dakota),7,7,1.0
(1998,Pennsylvania),628,481,0.76592356
(1998,South Dakota),6,6,1.0
(1998,Massachusetts),123,90,0.73170733
(1998,New Hampshire),16,13,0.8125
(1998,Rhodes Island),25,17,0.68
(1998,West Virginia),81,67,0.8271605
(1998,North Carolina),633,527,0.83254343
(1998,South Carolina),310,287,0.92580646
(1999,Iowa),52,40,0.7692308
(1999,Ohio),372,259,0.69623655
(1999,Utah),58,53,0.9137931
(1999,Idaho),26,25,0.96153843
(1999,Maine),26,25,0.96153843
(1999,Texas),1268,980,0.77287066
(1999,Alaska),56,40,0.71428573
(1999,Hawaii),43,34,0.7906977
(1999,Nevada),174,122,0.7011494
(1999,Oregon),95,71,0.7473684
(1999,Alabama),15,10,0.6666667
(1999,Arizona),424,301,0.7099057
(1999,Florida),916,693,0.7565502
(1999,Georgia),527,386,0.7324478
(1999,Indiana),335,231,0.68955225
(1999,Montana),11,11,1.0
(1999,Vermont),20,19,0.95
(1999,Wyoming),13,12,0.9230769
(1999,Arkansas),151,126,0.8344371
(1999,Colorado),201,160,0.7960199
(1999,Delaware),25,19,0.76
(1999,Illinois),665,345,0.518797
(1999,Kentucky),84,50,0.5952381
(1999,Maryland),442,235,0.5316742
(1999,Michigan),737,465,0.6309362
(1999,Missouri),341,233,0.68328446
(1999,Nebraska),26,21,0.8076923
(1999,New York),925,535,0.5783784
(1999,Oklahoma),254,209,0.8228347
(1999,Virginia),376,281,0.74734044
(1999,Louisiana),482,354,0.73443985
(1999,Minnesota),131,106,0.8091603
(1999,Tennessee),411,310,0.7542579
(1999,Wisconsin),200,135,0.675
(1999,California),2132,1271,0.59615386
(1999,New Jersey),296,213,0.7195946
(1999,New Mexico),147,106,0.7210884
(1999,Washington),182,142,0.7802198
(1999,Connecticut),117,75,0.64102566
(1999,Mississippi),151,122,0.80794704
(1999,North Dakota),7,7,1.0
(1999,Pennsylvania),596,491,0.8238255
(1999,South Dakota),14,13,0.9285714
(1999,Massachusetts),119,92,0.77310926
(1999,New Hampshire),20,20,1.0
(1999,Rhodes Island),36,20,0.5555556
(1999,West Virginia),69,62,0.89855075
(1999,North Carolina),575,448,0.77913046
(1999,South Carolina),278,248,0.8920863
(2000,Iowa),52,48,0.9230769
(2000,Ohio),372,240,0.6451613
(2000,Utah),54,49,0.9074074
(2000,Idaho),17,14,0.8235294
(2000,Maine),15,14,0.93333334
(2000,Texas),1308,1000,0.764526
(2000,Alaska),35,24,0.6857143
(2000,Hawaii),35,30,0.85714287
(2000,Kansas),49,42,0.85714287
(2000,Nevada),135,82,0.6074074
(2000,Oregon),71,59,0.8309859
(2000,Alabama),235,182,0.77446806
(2000,Arizona),385,269,0.6987013
(2000,Florida),808,602,0.7450495
(2000,Georgia),508,351,0.6909449
(2000,Indiana),308,191,0.6201299
(2000,Montana),12,11,0.9166667
(2000,Vermont),10,9,0.9
(2000,Wyoming),12,11,0.9166667
(2000,Arkansas),163,145,0.88957053
(2000,Colorado),134,112,0.8358209
(2000,Delaware),27,23,0.8518519
(2000,Illinois),647,273,0.42194745
(2000,Kentucky),73,46,0.63013697
(2000,Maryland),462,267,0.5779221
(2000,Michigan),694,469,0.6757925
(2000,Missouri),343,222,0.6472303
(2000,Nebraska),29,25,0.86206895
(2000,New York),956,561,0.58682007
(2000,Oklahoma),202,167,0.8267327
(2000,Virginia),398,305,0.7663317
(2000,Louisiana),558,417,0.74731183
(2000,Minnesota),113,87,0.7699115
(2000,Tennessee),435,340,0.7816092
(2000,Wisconsin),172,101,0.5872093
(2000,California),2219,1371,0.6178459
(2000,New Jersey),298,193,0.647651
(2000,New Mexico),126,90,0.71428573
(2000,Washington),203,170,0.8374384
(2000,Connecticut),100,77,0.77
(2000,Mississippi),174,144,0.82758623
(2000,North Dakota),4,4,1.0
(2000,Pennsylvania),604,453,0.75
(2000,South Dakota),8,7,0.875
(2000,Massachusetts),119,89,0.7478992
(2000,New Hampshire),15,14,0.93333334
(2000,Rhodes Island),45,29,0.64444447
(2000,West Virginia),64,58,0.90625
(2000,North Carolina),570,454,0.7964912
(2000,South Carolina),288,259,0.8993056
(2001,Iowa),53,45,0.8490566
(2001,Ohio),452,289,0.6393805
(2001,Utah),82,76,0.9268293
(2001,Idaho),33,31,0.93939394
(2001,Maine),21,16,0.7619048
(2001,Texas),1387,1043,0.7519827
(2001,Alaska),39,34,0.8717949
(2001,Hawaii),36,32,0.8888889
(2001,Kansas),80,67,0.8375
(2001,Nevada),197,126,0.6395939
(2001,Oregon),102,90,0.88235295
(2001,Alabama),347,333,0.95965415
(2001,Arizona),448,327,0.72991073
(2001,Florida),926,689,0.74406046
(2001,Georgia),575,376,0.653913
(2001,Indiana),381,226,0.5931758
(2001,Montana),22,22,1.0
(2001,Vermont),7,7,1.0
(2001,Wyoming),11,9,0.8181818
(2001,Arkansas),147,115,0.7823129
(2001,Colorado),154,128,0.83116883
(2001,Delaware),29,25,0.86206895
(2001,Illinois),687,354,0.5152838
(2001,Kentucky),81,51,0.6296296
(2001,Maryland),485,270,0.556701
(2001,Michigan),674,433,0.6424332
(2001,Missouri),396,252,0.6363636
(2001,Nebraska),19,17,0.8947368
(2001,New York),949,568,0.59852475
(2001,Oklahoma),215,171,0.7953488
(2001,Virginia),377,304,0.806366
(2001,Louisiana),511,393,0.7690802
(2001,Minnesota),120,100,0.8333333
(2001,Tennessee),444,374,0.8423423
(2001,Wisconsin),198,177,0.8939394
(2001,California),2357,1440,0.6109461
(2001,New Jersey),355,225,0.63380283
(2001,New Mexico),98,78,0.79591835
(2001,Washington),199,166,0.8341709
(2001,Connecticut),112,80,0.71428573
(2001,Mississippi),193,146,0.7564767
(2001,North Dakota),9,7,0.7777778
(2001,Pennsylvania),657,456,0.6940639
(2001,South Dakota),10,10,1.0
(2001,Massachusetts),151,92,0.6092715
(2001,New Hampshire),19,16,0.84210527
(2001,Rhodes Island),40,27,0.675
(2001,West Virginia),40,35,0.875
(2001,North Carolina),543,406,0.74769795
(2001,South Carolina),333,290,0.8708709
(2001,District of Columbia),1,1,1.0
(2002,Iowa),49,45,0.9183673
(2002,Ohio),504,335,0.66468257
(2002,Utah),57,54,0.94736844
(2002,Idaho),36,35,0.9722222
(2002,Maine),16,14,0.875
(2002,Texas),1383,1019,0.73680407
(2002,Alaska),41,34,0.8292683
(2002,Hawaii),25,18,0.72
(2002,Kansas),75,61,0.81333333
(2002,Nevada),191,113,0.591623
(2002,Oregon),76,64,0.84210527
(2002,Alabama),292,201,0.68835616
(2002,Arizona),446,311,0.69730943
(2002,Florida),960,718,0.74791664
(2002,Georgia),603,403,0.66832507
(2002,Indiana),335,213,0.6358209
(2002,Montana),13,11,0.84615386
(2002,Vermont),13,13,1.0
(2002,Wyoming),16,14,0.875
(2002,Arkansas),146,114,0.7808219
(2002,Colorado),181,143,0.7900553
(2002,Delaware),30,24,0.8
(2002,Illinois),668,342,0.51197606
(2002,Kentucky),87,67,0.77011496
(2002,Maryland),546,278,0.50915754
(2002,Michigan),694,427,0.6152738
(2002,Missouri),352,261,0.74147725
(2002,Nebraska),23,21,0.9130435
(2002,New York),903,550,0.60908085
(2002,Oklahoma),186,164,0.8817204
(2002,Virginia),391,316,0.80818415
(2002,Louisiana),577,383,0.6637782
(2002,Minnesota),116,104,0.8965517
(2002,Tennessee),457,407,0.8905908
(2002,Wisconsin),166,129,0.77710843
(2002,California),2549,1573,0.61710477
(2002,New Jersey),349,234,0.6704871
(2002,New Mexico),149,120,0.80536914
(2002,Washington),208,168,0.8076923
(2002,Connecticut),86,59,0.68604654
(2002,Mississippi),194,148,0.7628866
(2002,North Dakota),5,5,1.0
(2002,Pennsylvania),625,469,0.7504
(2002,South Dakota),12,12,1.0
(2002,Massachusetts),171,117,0.68421054
(2002,New Hampshire),14,13,0.9285714
(2002,Rhodes Island),41,29,0.70731705
(2002,West Virginia),76,64,0.84210527
(2002,North Carolina),572,450,0.7867133
(2002,South Carolina),311,274,0.88102895
(2002,District of Columbia),252,143,0.5674603
(2003,Iowa),51,46,0.9019608
(2003,Ohio),497,335,0.67404425
(2003,Utah),61,50,0.8196721
(2003,Idaho),28,25,0.89285713
(2003,Maine),16,14,0.875
(2003,Texas),1510,1150,0.7615894
(2003,Alaska),44,38,0.8636364
(2003,Hawaii),23,17,0.73913044
(2003,Kansas),93,86,0.9247312
(2003,Nevada),202,107,0.52970296
(2003,Oregon),78,67,0.85897434
(2003,Alabama),295,183,0.620339
(2003,Arizona),482,340,0.7053942
(2003,Florida),973,720,0.73997945
(2003,Georgia),643,414,0.64385694
(2003,Indiana),330,222,0.6727273
(2003,Montana),22,21,0.95454544
(2003,Vermont),15,15,1.0
(2003,Wyoming),17,17,1.0
(2003,Arkansas),157,129,0.82165605
(2003,Colorado),190,138,0.7263158
(2003,Delaware),21,17,0.8095238
(2003,Illinois),624,308,0.49358973
(2003,Kentucky),82,53,0.64634144
(2003,Maryland),542,266,0.4907749
(2003,Michigan),636,371,0.5833333
(2003,Missouri),323,251,0.7770898
(2003,Nebraska),21,17,0.8095238
(2003,New York),917,478,0.521265
(2003,Oklahoma),232,178,0.76724136
(2003,Virginia),419,313,0.7470167
(2003,Louisiana),601,413,0.687188
(2003,Minnesota),126,117,0.9285714
(2003,Tennessee),426,360,0.8450704
(2003,Wisconsin),193,172,0.8911917
(2003,California),2584,1505,0.58243036
(2003,New Jersey),421,296,0.70308787
(2003,New Mexico),113,87,0.7699115
(2003,Washington),204,170,0.8333333
(2003,Connecticut),110,80,0.72727275
(2003,Mississippi),191,158,0.82722515
(2003,North Dakota),8,8,1.0
(2003,Pennsylvania),661,489,0.7397882
(2003,South Dakota),11,11,1.0
(2003,Massachusetts),143,93,0.6503497
(2003,New Hampshire),11,11,1.0
(2003,Rhodes Island),25,16,0.64
(2003,West Virginia),65,51,0.7846154
(2003,North Carolina),521,417,0.80038387
(2003,South Carolina),308,277,0.89935064
(2003,District of Columbia),243,112,0.46090534
(2004,Iowa),47,40,0.85106385
(2004,Ohio),495,345,0.6969697
(2004,Utah),58,54,0.9310345
(2004,Idaho),32,29,0.90625
(2004,Maine),18,18,1.0
(2004,Texas),1431,1023,0.7148847
(2004,Alaska),44,41,0.9318182
(2004,Hawaii),34,29,0.85294116
(2004,Kansas),75,70,0.93333334
(2004,Nevada),187,119,0.6363636
(2004,Oregon),105,89,0.84761906
(2004,Alabama),253,194,0.76679844
(2004,Arizona),458,314,0.6855895
(2004,Florida),1011,734,0.72601384
(2004,Georgia),549,370,0.67395264
(2004,Indiana),308,211,0.6850649
(2004,Montana),29,26,0.8965517
(2004,Vermont),16,15,0.9375
(2004,Wyoming),13,11,0.84615386
(2004,Arkansas),157,118,0.75159234
(2004,Colorado),216,162,0.75
(2004,Delaware),28,17,0.60714287
(2004,Illinois),472,264,0.55932206
(2004,Kentucky),219,159,0.72602737
(2004,Maryland),539,267,0.49536178
(2004,Michigan),663,390,0.5882353
(2004,Missouri),377,279,0.74005306
(2004,Nebraska),30,22,0.73333335
(2004,New York),902,504,0.5587583
(2004,Oklahoma),205,170,0.8292683
(2004,Virginia),392,303,0.7729592
(2004,Louisiana),586,431,0.73549485
(2004,Minnesota),121,106,0.87603307
(2004,Tennessee),382,344,0.90052354
(2004,Wisconsin),160,139,0.86875
(2004,California),2566,1502,0.5853468
(2004,New Jersey),418,264,0.6315789
(2004,New Mexico),158,117,0.74050635
(2004,Washington),208,172,0.8269231
(2004,Connecticut),103,72,0.69902915
(2004,Mississippi),181,141,0.7790055
(2004,North Dakota),8,8,1.0
(2004,Pennsylvania),696,521,0.74856323
(2004,South Dakota),16,16,1.0
(2004,Massachusetts),172,106,0.61627907
(2004,New Hampshire),14,13,0.9285714
(2004,Rhodes Island),30,14,0.46666667
(2004,West Virginia),66,55,0.8333333
(2004,North Carolina),503,381,0.7574553
(2004,South Carolina),293,263,0.8976109
(2004,District of Columbia),189,103,0.54497355
(2005,Iowa),42,39,0.9285714
(2005,Ohio),565,391,0.6920354
(2005,Utah),60,56,0.93333334
(2005,Idaho),42,41,0.97619045
(2005,Maine),20,20,1.0
(2005,Texas),1480,1111,0.7506757
(2005,Alaska),37,31,0.8378378
(2005,Hawaii),25,18,0.72
(2005,Kansas),100,80,0.8
(2005,Nevada),225,152,0.6755555
(2005,Oregon),97,82,0.8453608
(2005,Alabama),327,245,0.74923545
(2005,Arizona),473,325,0.68710357
(2005,Florida),959,699,0.7288843
(2005,Georgia),532,340,0.63909775
(2005,Indiana),347,235,0.67723346
(2005,Montana),23,22,0.95652175
(2005,Vermont),10,9,0.9
(2005,Wyoming),17,17,1.0
(2005,Arkansas),181,143,0.7900553
(2005,Colorado),177,143,0.8079096
(2005,Delaware),41,35,0.85365856
(2005,Illinois),468,233,0.49786323
(2005,Kentucky),180,129,0.71666664
(2005,Maryland),576,282,0.48958334
(2005,Michigan),650,401,0.6169231
(2005,Missouri),425,275,0.64705884
(2005,Nebraska),15,14,0.93333334
(2005,New York),894,498,0.557047
(2005,Oklahoma),201,161,0.80099505
(2005,Virginia),465,373,0.80215055
(2005,Louisiana),433,335,0.77367204
(2005,Minnesota),120,99,0.825
(2005,Tennessee),463,399,0.86177105
(2005,Wisconsin),220,171,0.7772727
(2005,California),2651,1568,0.5914749
(2005,New Jersey),434,250,0.5760369
(2005,New Mexico),139,103,0.7410072
(2005,Washington),226,192,0.8495575
(2005,Connecticut),111,81,0.7297297
(2005,Mississippi),164,146,0.8902439
(2005,North Dakota),11,11,1.0
(2005,Pennsylvania),785,603,0.7681529
(2005,South Dakota),15,14,0.93333334
(2005,Massachusetts),178,101,0.5674157
(2005,New Hampshire),18,17,0.9444444
(2005,Rhodes Island),34,16,0.47058824
(2005,West Virginia),78,73,0.9358974
(2005,North Carolina),593,448,0.7554806
(2005,South Carolina),321,288,0.89719623
(2005,District of Columbia),187,91,0.486631
(2006,Iowa),54,50,0.9259259
(2006,Ohio),526,368,0.69961977
(2006,Utah),52,51,0.9807692
(2006,Idaho),33,33,1.0
(2006,Maine),26,22,0.84615386
(2006,Texas),1464,1120,0.76502734
(2006,Alaska),42,33,0.78571427
(2006,Hawaii),23,16,0.6956522
(2006,Kansas),129,91,0.70542634
(2006,Nevada),242,161,0.6652893
(2006,Oregon),107,94,0.8785047
(2006,Alabama),358,270,0.75418997
(2006,Arizona),509,327,0.64243615
(2006,Florida),1209,865,0.71546733
(2006,Georgia),586,400,0.6825939
(2006,Indiana),352,230,0.65340906
(2006,Montana),21,17,0.8095238
(2006,Vermont),14,14,1.0
(2006,Wyoming),9,7,0.7777778
(2006,Arkansas),205,155,0.75609756
(2006,Colorado),176,123,0.6988636
(2006,Delaware),42,38,0.9047619
(2006,Illinois),507,227,0.44773176
(2006,Kentucky),159,126,0.7924528
(2006,Maryland),571,321,0.56217164
(2006,Michigan),734,462,0.6294278
(2006,Missouri),356,230,0.64606744
(2006,Nebraska),17,16,0.9411765
(2006,New York),944,582,0.6165254
(2006,Oklahoma),223,179,0.80269057
(2006,Virginia),408,337,0.82598037
(2006,Louisiana),516,369,0.71511626
(2006,Minnesota),124,102,0.82258064
(2006,Tennessee),444,384,0.8648649
(2006,Wisconsin),174,133,0.7643678
(2006,California),2649,1537,0.580219
(2006,New Jersey),447,261,0.58389264
(2006,New Mexico),111,92,0.8288288
(2006,Washington),207,175,0.84541065
(2006,Connecticut),113,75,0.6637168
(2006,Mississippi),180,138,0.76666665
(2006,North Dakota),7,6,0.85714287
(2006,Pennsylvania),790,616,0.77974683
(2006,South Dakota),11,7,0.6363636
(2006,Massachusetts),188,117,0.62234044
(2006,New Hampshire),12,12,1.0
(2006,Rhodes Island),28,16,0.5714286
(2006,West Virginia),76,71,0.93421054
(2006,North Carolina),560,415,0.7410714
(2006,South Carolina),373,348,0.9329759
(2006,District of Columbia),166,86,0.5180723
(2007,Iowa),43,37,0.8604651
(2007,Ohio),505,365,0.7227723
(2007,Utah),65,54,0.83076924
(2007,Idaho),51,49,0.9607843
(2007,Maine),26,24,0.9230769
(2007,Texas),1533,1111,0.72472274
(2007,Alaska),53,49,0.9245283
(2007,Hawaii),26,24,0.9230769
(2007,Kansas),106,86,0.8113208
(2007,Nevada),208,137,0.65865386
(2007,Oregon),82,67,0.81707317
(2007,Alabama),392,298,0.7602041
(2007,Arizona),516,306,0.59302324
(2007,Florida),1349,929,0.68865824
(2007,Georgia),696,454,0.65229887
(2007,Indiana),346,228,0.6589595
(2007,Montana),15,14,0.93333334
(2007,Vermont),13,13,1.0
(2007,Wyoming),18,17,0.9444444
(2007,Arkansas),198,161,0.81313133
(2007,Colorado),161,131,0.8136646
(2007,Delaware),39,33,0.84615386
(2007,Illinois),486,229,0.4711934
(2007,Kentucky),209,164,0.784689
(2007,Maryland),581,322,0.55421686
(2007,Michigan),674,459,0.6810089
(2007,Missouri),401,241,0.6009975
(2007,Nebraska),23,23,1.0
(2007,New York),800,487,0.60875
(2007,Oklahoma),253,208,0.8221344
(2007,Virginia),427,363,0.8501171
(2007,Louisiana),607,420,0.6919275
(2007,Minnesota),111,101,0.9099099
(2007,Tennessee),445,384,0.86292136
(2007,Wisconsin),198,174,0.8787879
(2007,California),2425,1286,0.53030926
(2007,New Jersey),390,217,0.55641025
(2007,New Mexico),164,124,0.75609756
(2007,Washington),186,157,0.84408605
(2007,Connecticut),109,62,0.56880736
(2007,Mississippi),154,124,0.8051948
(2007,North Dakota),13,12,0.9230769
(2007,Pennsylvania),794,596,0.7506297
(2007,South Dakota),15,15,1.0
(2007,Massachusetts),187,112,0.5989305
(2007,New Hampshire),11,9,0.8181818
(2007,Rhodes Island),19,15,0.7894737
(2007,West Virginia),62,57,0.91935486
(2007,North Carolina),575,426,0.7408696
(2007,South Carolina),369,320,0.86720866
(2007,District of Columbia),174,95,0.545977
(2008,Iowa),77,68,0.8831169
(2008,Ohio),469,307,0.6545842
(2008,Utah),40,35,0.875
(2008,Idaho),23,18,0.7826087
(2008,Maine),31,27,0.87096775
(2008,Texas),1368,1010,0.7383041
(2008,Alaska),27,21,0.7777778
(2008,Hawaii),26,24,0.9230769
(2008,Kansas),110,94,0.8545455
(2008,Nevada),163,112,0.68711656
(2008,Oregon),80,60,0.75
(2008,Alabama),338,262,0.7751479
(2008,Arizona),403,259,0.6426799
(2008,Florida),1296,927,0.7152778
(2008,Georgia),619,416,0.67205167
(2008,Indiana),308,194,0.6298701
(2008,Montana),28,26,0.9285714
(2008,Vermont),17,17,1.0
(2008,Wyoming),10,10,1.0
(2008,Arkansas),160,139,0.86875
(2008,Colorado),152,140,0.92105263
(2008,Delaware),57,38,0.6666667
(2008,Illinois),530,210,0.3962264
(2008,Kentucky),191,135,0.7068063
(2008,Maryland),493,282,0.57200813
(2008,Michigan),553,330,0.596745
(2008,Missouri),457,255,0.55798686
(2008,Nebraska),22,20,0.90909094
(2008,New York),838,508,0.6062052
(2008,Oklahoma),212,171,0.8066038
(2008,Virginia),370,319,0.8621622
(2008,Louisiana),396,278,0.7020202
(2008,Minnesota),106,86,0.8113208
(2008,Tennessee),412,361,0.8762136
(2008,Wisconsin),146,139,0.9520548
(2008,California),2142,1123,0.5242764
(2008,New Jersey),378,215,0.56878304
(2008,New Mexico),138,107,0.7753623
(2008,Washington),192,144,0.75
(2008,Connecticut),132,79,0.5984849
(2008,Mississippi),185,139,0.75135136
(2008,North Dakota),3,3,1.0
(2008,Pennsylvania),705,533,0.75602835
(2008,South Dakota),24,24,1.0
(2008,Massachusetts),166,91,0.5481928
(2008,New Hampshire),13,12,0.9230769
(2008,Rhodes Island),31,20,0.6451613
(2008,West Virginia),64,57,0.890625
(2008,North Carolina),587,432,0.73594546
(2008,South Carolina),307,261,0.85016286
(2009,Iowa),44,43,0.97727275
(2009,Ohio),520,374,0.7192308
(2009,Utah),41,37,0.902439
(2009,Idaho),22,21,0.95454544
(2009,Maine),27,24,0.8888889
(2009,Texas),1470,1131,0.7693878
(2009,Alaska),36,32,0.8888889
(2009,Hawaii),24,23,0.9583333
(2009,Kansas),127,102,0.8031496
(2009,Nevada),183,152,0.8306011
(2009,Oregon),98,89,0.90816325
(2009,Alabama),318,247,0.7767296
(2009,Arizona),370,270,0.7297297
(2009,Florida),1162,873,0.75129086
(2009,Georgia),584,423,0.72431505
(2009,Indiana),306,212,0.6928105
(2009,Montana),28,27,0.96428573
(2009,Vermont),8,6,0.75
(2009,Wyoming),12,12,1.0
(2009,Arkansas),173,143,0.8265896
(2009,Colorado),165,156,0.94545454
(2009,Delaware),44,33,0.75
(2009,Illinois),500,174,0.348
(2009,Kentucky),190,147,0.7736842
(2009,Maryland),469,289,0.6162047
(2009,Michigan),646,438,0.67801857
(2009,Missouri),422,245,0.58056873
(2009,Nebraska),47,30,0.63829786
(2009,New York),781,480,0.61459666
(2009,Oklahoma),246,217,0.8821138
(2009,Virginia),392,326,0.8316327
(2009,Louisiana),520,338,0.65
(2009,Minnesota),89,75,0.8426966
(2009,Tennessee),486,433,0.8909465
(2009,Wisconsin),154,137,0.8896104
(2009,California),2132,1252,0.587242
(2009,New Jersey),334,178,0.5329341
(2009,New Mexico),156,115,0.73717946
(2009,Washington),207,174,0.8405797
(2009,Connecticut),106,63,0.5943396
(2009,Mississippi),162,131,0.80864197
(2009,North Dakota),9,9,1.0
(2009,Pennsylvania),741,598,0.80701756
(2009,South Dakota),18,17,0.9444444
(2009,Massachusetts),173,108,0.6242775
(2009,New Hampshire),11,8,0.72727275
(2009,Rhodes Island),32,17,0.53125
(2009,West Virginia),77,68,0.8831169
(2009,North Carolina),506,370,0.7312253
(2009,South Carolina),315,276,0.8761905
(2009,District of Columbia),157,72,0.45859873
(2010,Iowa),39,36,0.9230769
(2010,Ohio),481,336,0.6985447
(2010,Utah),58,55,0.94827586
(2010,Idaho),22,21,0.95454544
(2010,Maine),27,25,0.9259259
(2010,Texas),1363,1087,0.7975055
(2010,Alaska),43,39,0.90697676
(2010,Hawaii),27,26,0.962963
(2010,Kansas),107,88,0.8224299
(2010,Nevada),175,134,0.7657143
(2010,Oregon),93,87,0.9354839
(2010,Alabama),191,148,0.7748691
(2010,Arizona),400,310,0.775
(2010,Florida),1130,862,0.76283187
(2010,Georgia),565,394,0.69734514
(2010,Indiana),291,202,0.6941581
(2010,Montana),23,23,1.0
(2010,Vermont),7,7,1.0
(2010,Wyoming),8,8,1.0
(2010,Arkansas),141,111,0.78723407
(2010,Colorado),145,122,0.8413793
(2010,Delaware),52,42,0.8076923
(2010,Illinois),472,169,0.35805085
(2010,Kentucky),189,138,0.73015875
(2010,Maryland),445,268,0.6022472
(2010,Michigan),606,403,0.6650165
(2010,Missouri),450,315,0.7
(2010,Nebraska),58,34,0.5862069
(2010,New York),863,507,0.5874855
(2010,Oklahoma),209,178,0.8516746
(2010,Virginia),387,326,0.84237725
(2010,Louisiana),493,316,0.6409736
(2010,Minnesota),105,85,0.8095238
(2010,Tennessee),397,344,0.86649877
(2010,Wisconsin),170,154,0.90588236
(2010,California),1948,1121,0.575462
(2010,New Jersey),392,231,0.58928573
(2010,New Mexico),142,121,0.85211265
(2010,Washington),175,144,0.82285714
(2010,Connecticut),134,81,0.6044776
(2010,Mississippi),174,139,0.7988506
(2010,North Dakota),9,9,1.0
(2010,Pennsylvania),699,556,0.795422
(2010,South Dakota),17,16,0.9411765
(2010,Massachusetts),219,139,0.6347032
(2010,New Hampshire),13,12,0.9230769
(2010,Rhodes Island),30,21,0.7
(2010,West Virginia),57,50,0.877193
(2010,North Carolina),468,347,0.741453
(2010,South Carolina),278,246,0.8848921
(2010,District of Columbia),134,73,0.54477614
(2011,Iowa),47,45,0.9574468
(2011,Ohio),499,342,0.68537074
(2011,Utah),55,53,0.96363634
(2011,Idaho),31,31,1.0
(2011,Maine),35,32,0.9142857
(2011,Texas),1217,946,0.7773213
(2011,Alaska),36,35,0.9722222
(2011,Hawaii),24,22,0.9166667
(2011,Kansas),117,98,0.83760685
(2011,Nevada),155,126,0.8129032
(2011,Oregon),92,80,0.8695652
(2011,Arizona),379,288,0.75989443
(2011,Florida),1136,849,0.74735916
(2011,Georgia),557,420,0.7540395
(2011,Indiana),307,205,0.66775244
(2011,Montana),19,18,0.94736844
(2011,Vermont),11,7,0.6363636
(2011,Wyoming),20,17,0.85
(2011,Arkansas),160,124,0.775
(2011,Colorado),167,145,0.8682635
(2011,Delaware),48,38,0.7916667
(2011,Illinois),486,179,0.36831275
(2011,Kentucky),161,116,0.7204969
(2011,Maryland),429,269,0.6270396
(2011,Michigan),668,436,0.6526946
(2011,Missouri),402,296,0.7363184
(2011,Nebraska),71,51,0.7183099
(2011,New York),769,481,0.6254876
(2011,Oklahoma),227,187,0.8237885
(2011,Virginia),319,267,0.8369906
(2011,Louisiana),509,296,0.5815324
(2011,Minnesota),82,67,0.81707317
(2011,Tennessee),421,365,0.86698335
(2011,Wisconsin),147,137,0.9319728
(2011,California),1931,1147,0.59399277
(2011,New Jersey),398,217,0.54522616
(2011,New Mexico),132,106,0.8030303
(2011,Washington),183,152,0.8306011
(2011,Connecticut),130,76,0.5846154
(2011,Mississippi),195,149,0.7641026
(2011,North Dakota),14,14,1.0
(2011,Pennsylvania),689,554,0.80406386
(2011,South Dakota),19,18,0.94736844
(2011,Massachusetts),184,104,0.5652174
(2011,New Hampshire),17,16,0.9411765
(2011,Rhodes Island),20,11,0.55
(2011,West Virginia),84,79,0.9404762
(2011,North Carolina),507,380,0.7495069
(2011,South Carolina),334,296,0.88622755
(2011,District of Columbia),116,56,0.4827586
(2012,Iowa),51,42,0.8235294
(2012,Ohio),475,334,0.7031579
(2012,Utah),57,51,0.8947368
(2012,Idaho),29,28,0.9655172
(2012,Maine),33,33,1.0
(2012,Texas),1267,1020,0.8050513
(2012,Alaska),40,33,0.825
(2012,Hawaii),23,20,0.8695652
(2012,Kansas),90,80,0.8888889
(2012,Nevada),136,108,0.7941176
(2012,Oregon),97,82,0.8453608
(2012,Alabama),2,2,1.0
(2012,Arizona),365,285,0.7808219
(2012,Florida),1170,877,0.74957263
(2012,Georgia),584,406,0.69520545
(2012,Indiana),307,223,0.72638434
(2012,Montana),23,22,0.95652175
(2012,Vermont),10,10,1.0
(2012,Wyoming),17,16,0.9411765
(2012,Arkansas),176,144,0.8181818
(2012,Colorado),172,146,0.8488372
(2012,Delaware),57,39,0.68421054
(2012,Illinois),528,163,0.30871212
(2012,Kentucky),211,168,0.79620856
(2012,Maryland),403,261,0.6476427
(2012,Michigan),731,465,0.6361149
(2012,Missouri),423,311,0.7352246
(2012,Nebraska),56,27,0.48214287
(2012,New York),682,396,0.58064514
(2012,Oklahoma),239,199,0.832636
(2012,Virginia),334,268,0.8023952
(2012,Louisiana),510,302,0.5921569
(2012,Minnesota),116,91,0.7844828
(2012,Tennessee),440,393,0.8931818
(2012,Wisconsin),181,158,0.8729282
(2012,California),2047,1204,0.5881778
(2012,New Jersey),405,206,0.50864196
(2012,New Mexico),112,91,0.8125
(2012,Washington),215,177,0.82325584
(2012,Connecticut),145,99,0.6827586
(2012,Mississippi),179,135,0.75418997
(2012,North Dakota),14,14,1.0
(2012,Pennsylvania),766,568,0.7415144
(2012,South Dakota),16,13,0.8125
(2012,Massachusetts),122,64,0.52459013
(2012,New Hampshire),15,13,0.8666667
(2012,Rhodes Island),37,27,0.7297297
(2012,West Virginia),72,64,0.8888889
(2012,North Carolina),503,393,0.7813121
(2012,South Carolina),349,303,0.8681948
(2013,Iowa),42,39,0.9285714
(2013,Ohio),474,311,0.65611815
(2013,Utah),51,46,0.9019608
(2013,Idaho),30,26,0.8666667
(2013,Maine),30,30,1.0
(2013,Texas),1272,1024,0.8050314
(2013,Alaska),41,36,0.8780488
(2013,Hawaii),24,20,0.8333333
(2013,Kansas),118,100,0.84745765
(2013,Nevada),168,141,0.83928573
(2013,Oregon),85,75,0.88235295
(2013,Alabama),2,2,1.0
(2013,Arizona),383,299,0.78067887
(2013,Florida),1129,800,0.7085917
(2013,Georgia),567,383,0.675485
(2013,Indiana),350,222,0.6342857
(2013,Montana),16,16,1.0
(2013,Vermont),11,10,0.90909094
(2013,Wyoming),17,17,1.0
(2013,Arkansas),156,123,0.78846157
(2013,Colorado),186,168,0.9032258
(2013,Delaware),41,24,0.58536583
(2013,Illinois),453,163,0.3598234
(2013,Kentucky),174,131,0.75287354
(2013,Maryland),406,259,0.63793105
(2013,Michigan),645,440,0.68217057
(2013,Missouri),405,271,0.6691358
(2013,Nebraska),64,46,0.71875
(2013,New York),651,415,0.6374808
(2013,Oklahoma),216,179,0.8287037
(2013,Virginia),336,290,0.8630952
(2013,Louisiana),478,309,0.6464435
(2013,Minnesota),127,109,0.8582677
(2013,Tennessee),363,310,0.8539945
(2013,Wisconsin),182,159,0.87362635
(2013,California),1930,1083,0.5611399
(2013,New Jersey),420,212,0.50476193
(2013,New Mexico),119,98,0.8235294
(2013,Washington),194,170,0.87628865
(2013,Connecticut),93,60,0.6451613
(2013,Mississippi),147,108,0.7346939
(2013,North Dakota),11,11,1.0
(2013,Pennsylvania),667,446,0.66866565
(2013,South Dakota),13,10,0.7692308
(2013,Massachusetts),135,81,0.6
(2013,New Hampshire),23,21,0.9130435
(2013,Rhodes Island),31,21,0.67741936
(2013,West Virginia),58,50,0.86206895
(2013,North Carolina),477,346,0.7253669
(2013,South Carolina),318,281,0.8836478
(2013,District of Columbia),115,63,0.5478261
(2014,Iowa),63,57,0.9047619
(2014,Ohio),455,324,0.7120879
(2014,Utah),72,69,0.9583333
(2014,Idaho),30,27,0.9
(2014,Maine),29,28,0.9655172
(2014,Texas),1324,1043,0.7877644
(2014,Alaska),48,41,0.8541667
(2014,Hawaii),15,13,0.8666667
(2014,Kansas),93,77,0.827957
(2014,Nevada),185,134,0.72432435
(2014,Oregon),84,69,0.8214286
(2014,Alabama),1,1,1.0
(2014,Arizona),313,230,0.7348243
(2014,Florida),1155,855,0.74025977
(2014,Georgia),608,412,0.67763156
(2014,Indiana),337,235,0.6973294
(2014,Montana),30,29,0.96666664
(2014,Vermont),11,11,1.0
(2014,Wyoming),14,13,0.9285714
(2014,Arkansas),169,137,0.8106509
(2014,Colorado),165,144,0.8727273
(2014,Delaware),53,36,0.6792453
(2014,Illinois),456,168,0.36842105
(2014,Kentucky),168,138,0.8214286
(2014,Maryland),337,188,0.5578635
(2014,Michigan),576,422,0.7326389
(2014,Missouri),439,270,0.61503416
(2014,Nebraska),57,47,0.8245614
(2014,New York),642,379,0.5903427
(2014,Oklahoma),198,170,0.85858583
(2014,Virginia),354,297,0.83898306
(2014,Louisiana),452,303,0.670354
(2014,Minnesota),110,86,0.7818182
(2014,Tennessee),414,334,0.8067633
(2014,Wisconsin),171,156,0.9122807
(2014,California),1872,1093,0.58386755
(2014,New Jersey),359,200,0.55710304
(2014,New Mexico),128,102,0.796875
(2014,Washington),206,183,0.88834953
(2014,Connecticut),90,67,0.74444443
(2014,Mississippi),173,126,0.7283237
(2014,North Dakota),15,15,1.0
(2014,Pennsylvania),646,344,0.5325077
(2014,South Dakota),20,20,1.0
(2014,Massachusetts),132,67,0.50757575
(2014,New Hampshire),16,15,0.9375
(2014,Rhodes Island),27,21,0.7777778
(2014,West Virginia),74,66,0.8918919
(2014,North Carolina),493,358,0.7261663
(2014,South Carolina),336,280,0.8333333
(2014,District of Columbia),114,49,0.42982456
(,Leon),0,0,
(,Duval),0,0,
(,Mercer),0,0,
(,Bossier),0,0,
(,Escambia),0,0,
(,Worcester),0,0,
(,Sacramento),0,0,
(,Hillsborough),0,0,
